176
13
47
12
225
214
31
105
31
146
242
66
252
89
53
170
248
159
17
95
43
59
14
230
202
95
212
192
158
101
92
23
87
140
117
164
131
207
25
118
150
48
156
14
147
214
127
112
38
8
193
203
75
30
96
211
214
169
244
240
29
165
123
17
229
127
196
16
67
166
34
163
98
195
166
97
77
87
234
116
113
116
241
56
225
6
87
195
88
158
116
3
153
153
165
88
126
179
226
14
25
166
195
251
32
93
172
96
220
75
34
171
52
221
191
107
1
38
70
222
153
82
73
111
230
235
129
160
183
7
147
12
108
119
6
17
235
136
94
93
39
39
90
86
200
124
119
34
226
172
213
167
250
249
64
159
185
127
216
49
32
1
39
136
130
98
79
1
208
163
114
62
205
210
217
119
247
214
20
61
208
104
119
242
246
195
146
233
126
43
83
76
142
18
18
43
241
207
181
247
254
251
39
244
135
19
80
228
213
1
163
205
63
17
67
27
123
107
97
226
107
73
13
56
61
8
179
2
156
104
64
166
82
27
137
42
225
170
216
194
205
161
181
175
82
136
222
14
128
110
230
161
250
149
214
120
139
46
162
245
136
122
202
24
224
1
130
173
144
122
82
153
232
174
241
26
130
28
139
175
38
198
102
229
78
16
56
22
242
5
30
4
55
3
164
132
63
50
24
94
2
154
122
79
190
214
67
131
114
87
214
250
160
47
32
148
84
69
140
46
173
15
9
73
20
229
216
101
43
110
106
186
104
242
232
242
88
74
226
54
34
133
230
103
55
20
237
154
96
169
202
85
176
52
244
181
43
113
161
237
135
160
173
235
39
104
80
177
227
125
205
83
140
99
228
172
211
28
71
195
55
9
111
238
67
145
92
7
128
211
66
12
63
168
84
168
4
183
100
9
104
182
235
250
250
228
220
204
141
107
33
167
220
70
214
18
97
69
39
161
81
244
127
188
4
154
147
206
167
224
230
39
49
201
16
100
77
187
27
202
199
136
65
19
159
7
16
33
115
171
218
127
13
80
163
200
74
127
208
152
137
85
105
202
88
118
94
173
145
166
125
102
122
17
105
247
199
186
195
193
215
196
249
29
101
125
66
10
248
185
38
38
180
97
20
105
37
203
237
2
166
173
65
215
75
7
24
203
181
199
159
210
9
103
64
123
224
72
153
7
40
212
50
211
86
171
14
187
127
240
74
96
29
246
110
22
183
129
84
192
213
65
136
111
41
153
239
28
229
140
109
39
63
114
136
91
197
224
187
104
154
163
33
127
79
147
240
109
9
237
235
92
67
200
130
143
174
24
222
240
25
215
231
3
134
166
98
165
194
147
161
71
214
109
161
212
69
102
141
113
23
190
9
110
10
248
133
232
98
225
65
231
228
102
159
145
228
55
1
224
60
63
163
78
210
225
241
100
204
40
159
178
22
135
226
67
60
214
126
39
59
168
143
75
159
182
72
105
93
199
35
230
74
127
200
172
39
177
33
241
226
131
173
249
32
192
211
199
49
109
4
83
35
115
146
202
107
136
236
229
139
229
14
206
86
59
209
89
43
8
243
173
219
239
173
234
66
225
234
77
19
195
22
186
114
166
44
135
161
4
120
226
29
113
168
75
242
177
53
141
224
142
192
228
214
34
49
40
8
3
152
155
234
187
77
126
66
187
30
190
206
190
86
149
120
23
211
175
68
247
47
77
105
61
50
180
46
133
76
118
236
55
1
231
173
131
133
27
254
92
159
100
2
139
130
63
12
214
13
81
199
247
149
198
185
166
169
239
136
102
171
112
34
112
140
101
102
191
133
125
23
64
114
163
181
253
237
24
243
42
247
152
62
18
77
207
20
91
34
41
16
179
22
157
45
166
127
73
211
208
239
1
163
2
28
28
94
61
88
64
99
107
163
201
69
215
189
210
47
17
156
179
29
25
152
207
207
23
186
230
115
18
62
186
11
108
138
243
54
30
165
28
250
64
155
208
211
125
194
233
229
55
139
200
50
190
121
149
67
22
76
233
120
69
194
197
6
224
203
83
170
76
237
72
43
190
122
166
246
80
20
202
93
149
47
20
40
211
77
98
166
208
195
96
49
165
1
72
163
151
83
252
32
187
40
111
212
92
20
142
70
34
178
124
47
26
52
35
83
242
136
63
112
170
140
155
220
97
191
40
15
87
208
96
248
154
86
236
229
217
66
73
199
179
126
246
121
253
125
128
196
99
116
34
193
144
165
203
56
218
230
75
185
87
70
44
169
137
211
68
45
110
121
200
34
14
160
8
35
177
131
138
206
202
128
71
31
226
247
240
163
24
19
47
