46
12
184
89
168
98
160
6
232
204
190
207
98
157
147
135
70
64
115
58
205
251
8
137
23
204
252
18
239
5
174
200
136
225
229
159
36
56
47
11
28
157
239
91
105
251
241
172
252
195
86
169
63
76
173
135
105
154
191
149
141
149
131
21
183
254
91
247
88
226
116
106
56
32
79
185
199
177
3
215
235
196
11
97
179
186
57
69
171
122
159
61
45
211
195
238
28
47
26
125
50
228
26
12
142
197
80
46
87
54
130
231
160
26
100
14
128
110
254
207
124
228
35
100
236
234
182
158
88
238
32
186
165
212
102
191
213
82
141
249
140
84
158
92
193
106
126
177
248
84
213
188
243
9
91
169
72
59
181
159
151
168
13
89
115
62
182
218
72
186
35
213
36
150
94
205
128
125
223
90
115
245
11
248
49
170
149
172
92
158
207
5
22
248
166
59
103
31
69
66
85
39
89
31
225
24
237
102
13
87
187
202
139
175
227
14
78
12
50
183
184
223
148
18
235
204
73
139
251
182
214
111
120
143
69
191
128
165
79
36
121
93
201
199
170
34
6
143
77
239
250
73
204
228
152
225
240
140
186
147
7
114
165
133
95
239
211
216
95
151
222
238
170
53
167
19
104
170
238
206
124
193
106
247
251
220
99
116
63
200
225
233
142
153
38
229
115
53
229
194
225
73
171
169
32
104
70
183
72
228
210
100
127
177
212
155
146
83
116
182
225
184
5
172
112
112
30
207
83
63
88
96
139
143
101
102
131
168
242
184
102
212
35
16
22
42
83
77
3
138
25
38
161
219
248
145
254
141
131
84
110
125
19
226
17
111
210
101
156
208
226
237
49
66
229
151
128
156
209
136
52
116
109
246
158
177
183
89
132
142
40
143
177
109
213
186
92
116
99
197
187
110
177
241
200
180
28
100
151
117
13
59
212
4
220
20
170
128
56
146
32
171
153
15
15
39
5
111
212
157
133
220
25
231
28
132
37
143
2
195
216
233
251
129
69
26
129
149
194
22
169
132
44
239
150
112
240
167
115
214
136
141
173
94
61
148
221
104
29
113
77
102
212
103
100
92
36
67
23
110
66
76
108
31
126
180
62
200
19
101
1
57
1
49
37
69
45
36
153
229
239
57
123
96
134
68
18
111
45
7
243
110
245
194
2
173
180
164
141
56
197
58
95
227
218
103
81
155
232
231
151
85
217
113
230
9
136
182
46
86
48
82
103
140
13
141
70
62
62
40
243
238
208
185
45
92
48
1
81
178
159
138
112
74
128
194
194
147
190
164
32
129
89
24
38
51
171
110
177
66
3
136
71
241
231
100
7
171
213
247
15
115
148
175
183
166
185
95
148
30
15
249
73
152
245
48
50
87
237
100
70
39
101
96
34
111
24
157
3
146
201
60
114
145
16
127
164
57
213
247
215
129
71
190
61
244
158
153
44
23
65
219
232
178
185
59
147
206
103
252
23
82
130
16
185
142
135
211
219
201
81
115
192
28
28
69
134
248
181
80
75
216
232
163
65
23
213
149
241
16
149
73
211
49
113
100
210
172
53
81
34
171
146
44
38
121
231
141
9
14
205
115
98
201
93
136
181
222
84
166
248
20
150
106
79
68
193
253
48
199
50
253
204
108
186
127
206
91
19
151
232
50
110
191
10
241
194
142
47
127
132
253
218
245
173
103
238
122
59
101
180
142
193
253
245
136
245
30
14
78
148
135
229
138
110
138
181
5
204
37
122
66
94
169
44
71
51
50
84
224
120
103
46
247
104
215
157
96
223
200
119
207
229
110
85
152
230
179
96
187
243
138
138
80
19
47
24
118
3
233
164
1
8
53
116
33
3
185
90
199
111
111
13
13
24
151
62
214
218
245
125
56
58
137
194
89
118
163
234
42
182
147
111
225
100
46
161
159
84
204
254
250
33
59
7
155
29
104
225
140
94
53
112
243
32
120
218
12
176
249
72
34
175
232
156
229
50
192
88
107
40
209
159
188
205
18
242
127
192
189
212
40
117
157
237
213
228
148
149
218
9
225
104
10
190
40
37
154
65
83
103
104
99
155
43
48
25
83
196
60
189
176
210
211
75
79
133
83
212
206
142
67
173
60
116
98
137
252
192
250
60
135
14
193
153
218
252
237
105
1
138
53
56
83
25
190
191
138
86
212
141
244
227
91
139
89
159
203
190
32
209
7
106
186
199
94
190
227
62
33
58
89
73
236
14
151
42
213
43
128
254
91
12
55
102
85
59
238
174
245
112
239
2
156
204
60
237
194
210
146
202
84
57
80
149
211
74
103
219
157
252
52
211
172
